0.000000
0.165551
0.181699
0.249083
0.264529
0.278261
0.280934
0.322774
0.327447
0.343383
0.353848
0.365094
0.365825
0.375121
0.388272
0.389413
0.413487
0.413993
0.448020
0.458743
0.459320
0.472432
0.473164
0.509315
0.527703
0.530245
0.534099
0.537249
0.540407
0.552615
0.552835
0.553970
0.570791
0.578334
0.585953
0.592089
0.613685
0.624047
0.630175
0.631612
0.636637
0.646457
0.680042
0.700072
0.717087
0.744242
0.784843
0.788348
0.830101
1.000000
